Time 2-W-Pu-Total 2-W-Pu8 2-W-Pu9 2-W-Pu10 2-W-Pu11 2-W-Pu12 
0.16666666666666666 0.4245333333333334 0.019095477386934675 0.42490577889447234 0.28569409547738694 0.16300251256281406 0.10730213567839195 
0.3333333333333333 0.35038422907015176 0.019095477386934675 0.4249057788944723 0.28569409547738694 0.16300251256281406 0.10730213567839196 
0.5 0.35038422907015176 0.019095477386934675 0.4249057788944723 0.28569409547738694 0.16300251256281406 0.10730213567839196 
0.6666666666666666 0.35038422907015176 0.019095477386934675 0.4249057788944723 0.28569409547738694 0.16300251256281406 0.10730213567839196 
2.1666666666666665 0.35038422907015176 0.019095477386934675 0.4249057788944723 0.28569409547738694 0.16300251256281406 0.10730213567839196 
3.6666666666666665 0.35038422907015176 0.019095477386934675 0.4249057788944723 0.28569409547738694 0.16300251256281406 0.10730213567839196 
5.166666666666667 0.35038422907015176 0.019095477386934675 0.4249057788944723 0.28569409547738694 0.16300251256281406 0.10730213567839196 
6.666666666666667 0.35038422907015176 0.019095477386934675 0.4249057788944723 0.28569409547738694 0.16300251256281406 0.10730213567839196 
8.166666666666666 0.35038422907015176 0.019095477386934675 0.4249057788944723 0.28569409547738694 0.16300251256281406 0.10730213567839196 
9.666666666666666 0.35038422907015176 0.019095477386934675 0.4249057788944723 0.28569409547738694 0.16300251256281406 0.10730213567839196 
11.166666666666666 0.35038422907015176 0.019095477386934675 0.4249057788944723 0.28569409547738694 0.16300251256281406 0.10730213567839196 
12.666666666666666 0.3505240947062997 0.019091517576521562 0.42492429511691415 0.2856812537509768 0.16301316556213052 0.10728976799345694 
14.166666666666666 0.35061281893883683 0.019090065286205275 0.42493108608106184 0.28567654395102077 0.16301707262992737 0.10728523205178493 
15.666666666666666 0.3506330836185576 0.019090065202313284 0.4249310864733438 0.28567654367895773 0.16301707285562034 0.10728523178976487 
17.166666666666668 0.3506738495572964 0.019089012257472233 0.42493601008302745 0.28567312896255387 0.1630199055722157 0.10728194312473058 
18.666666666666668 0.35069851811505587 0.0190886137307209 0.42493787360910756 0.28567183653413586 0.1630209777208205 0.10728069840521512 
20.166666666666668 0.3507041340655182 0.019088613730720898 0.4249378736091075 0.2856718365341359 0.16302097772082053 0.1072806984052151 
21.666666666666668 0.35070511403408333 0.019088613730720905 0.4249378736091076 0.28567183653413597 0.16302097772082053 0.10728069840521515 
23.166666666666668 0.35070528501814724 0.019088613730720898 0.42493787360910756 0.2856718365341359 0.16302097772082055 0.1072806984052151 
24.666666666666668 0.35070531485075396 0.019088613730720898 0.42493787360910756 0.28567183653413586 0.1630209777208205 0.1072806984052151 
26.166666666666668 0.35070532005580984 0.019088613730720894 0.42493787360910745 0.2856718365341358 0.1630209777208205 0.10728069840521509 
27.666666666666668 0.35070532096396345 0.019088613730720898 0.42493787360910756 0.2856718365341359 0.1630209777208205 0.10728069840521513 
29.166666666666668 0.3507053211224138 0.0190886137307209 0.42493787360910756 0.28567183653413586 0.16302097772082053 0.10728069840521513 
30.666666666666668 0.3507053211500595 0.019088613730720898 0.42493787360910756 0.28567183653413586 0.16302097772082053 0.1072806984052151 
32.166666666666664 0.35070532115488307 0.019088613730720898 0.42493787360910756 0.2856718365341359 0.16302097772082053 0.1072806984052151 
33.666666666666664 0.35070532115572456 0.0190886137307209 0.4249378736091077 0.28567183653413586 0.16302097772082053 0.10728069840521515 
35.166666666666664 0.3507053211558714 0.019088613730720898 0.4249378736091076 0.2856718365341359 0.1630209777208205 0.10728069840521513 
36.666666666666664 0.350705321155897 0.0190886137307209 0.4249378736091076 0.28567183653413586 0.16302097772082055 0.10728069840521513 
38.166666666666664 0.3507053211559015 0.019088613730720898 0.42493787360910756 0.2856718365341359 0.16302097772082053 0.10728069840521513 
39.666666666666664 0.35070532115590225 0.0190886137307209 0.42493787360910756 0.2856718365341359 0.16302097772082055 0.10728069840521512 
41.166666666666664 0.35070532115590236 0.0190886137307209 0.4249378736091076 0.2856718365341359 0.16302097772082055 0.10728069840521513 
42.666666666666664 0.35070532115590236 0.0190886137307209 0.4249378736091076 0.2856718365341359 0.16302097772082055 0.10728069840521513 
44.166666666666664 0.35070532115590236 0.019088613730720894 0.4249378736091076 0.2856718365341359 0.16302097772082055 0.10728069840521513 
45.666666666666664 0.35070532115590236 0.0190886137307209 0.4249378736091076 0.2856718365341359 0.16302097772082055 0.10728069840521513 
47.166666666666664 0.35070532115590236 0.0190886137307209 0.4249378736091077 0.2856718365341359 0.16302097772082055 0.10728069840521513 
48.666666666666664 0.35070532115590236 0.0190886137307209 0.4249378736091076 0.2856718365341359 0.16302097772082055 0.10728069840521513 
50.166666666666664 0.35070532115590236 0.0190886137307209 0.4249378736091077 0.2856718365341359 0.16302097772082055 0.10728069840521512 
51.666666666666664 0.35070532115590236 0.0190886137307209 0.4249378736091076 0.2856718365341359 0.16302097772082055 0.10728069840521513 
53.166666666666664 0.3507053211559024 0.019088613730720898 0.42493787360910756 0.28567183653413586 0.16302097772082053 0.10728069840521513 
54.666666666666664 0.35070532115590236 0.0190886137307209 0.4249378736091076 0.2856718365341359 0.16302097772082055 0.10728069840521513 
56.166666666666664 0.35070532115590236 0.0190886137307209 0.4249378736091076 0.2856718365341359 0.16302097772082055 0.10728069840521513 
57.666666666666664 0.35070532115590236 0.0190886137307209 0.4249378736091076 0.2856718365341359 0.16302097772082055 0.10728069840521513 
59.166666666666664 0.35070532115590236 0.0190886137307209 0.4249378736091076 0.2856718365341359 0.16302097772082053 0.10728069840521513 
60.666666666666664 0.35070532115590236 0.0190886137307209 0.4249378736091076 0.2856718365341359 0.16302097772082055 0.10728069840521513 
62.166666666666664 0.35070532115590236 0.0190886137307209 0.4249378736091077 0.2856718365341359 0.16302097772082055 0.10728069840521513 
63.666666666666664 0.35070532115590236 0.019088613730720898 0.42493787360910756 0.2856718365341359 0.16302097772082053 0.10728069840521513 
65.16666666666667 0.35070532115590236 0.0190886137307209 0.4249378736091076 0.2856718365341359 0.16302097772082053 0.10728069840521513 
66.66666666666667 0.35070532115590236 0.0190886137307209 0.4249378736091076 0.2856718365341359 0.16302097772082053 0.10728069840521513 
68.16666666666667 0.35070532115590236 0.0190886137307209 0.4249378736091076 0.2856718365341359 0.16302097772082055 0.10728069840521513 
69.66666666666667 0.35070532115590236 0.0190886137307209 0.4249378736091076 0.28567183653413597 0.16302097772082055 0.10728069840521513 
71.16666666666667 0.35070532115590236 0.0190886137307209 0.4249378736091076 0.28567183653413597 0.16302097772082055 0.10728069840521513 
72.66666666666667 0.35070532115590236 0.0190886137307209 0.4249378736091076 0.2856718365341359 0.16302097772082055 0.10728069840521513 
74.16666666666667 0.35070532115590236 0.0190886137307209 0.4249378736091076 0.2856718365341359 0.16302097772082055 0.10728069840521513 
75.66666666666667 0.35070532115590236 0.0190886137307209 0.4249378736091077 0.2856718365341359 0.16302097772082055 0.10728069840521513 
77.16666666666667 0.3507053211559024 0.019088613730720898 0.42493787360910756 0.2856718365341359 0.16302097772082053 0.10728069840521513 
78.66666666666667 0.35070532115590236 0.0190886137307209 0.4249378736091076 0.2856718365341359 0.16302097772082055 0.10728069840521513 
79.83333333333333 0.35070532115590236 0.0190886137307209 0.4249378736091077 0.28567183653413597 0.16302097772082055 0.10728069840521513 
80.0 0.35070532115590236 0.0190886137307209 0.42493787360910756 0.28567183653413586 0.16302097772082053 0.10728069840521513 
80.16666666666667 0.35070532115590236 0.0190886137307209 0.4249378736091076 0.2856718365341359 0.16302097772082055 0.10728069840521513 
81.66666666666667 0.35070532115590236 0.0190886137307209 0.4249378736091076 0.28567183653413597 0.16302097772082055 0.10728069840521513 
83.16666666666667 0.35070532115590236 0.0190886137307209 0.4249378736091076 0.2856718365341359 0.16302097772082055 0.10728069840521513 
84.66666666666667 0.35070532115590236 0.0190886137307209 0.4249378736091076 0.2856718365341359 0.16302097772082055 0.10728069840521513 
86.16666666666667 0.35070532115590236 0.0190886137307209 0.4249378736091076 0.2856718365341359 0.16302097772082055 0.10728069840521513 
87.66666666666667 0.37507296918512617 0.017249626236997086 0.4782948815700284 0.26072955442292767 0.14703616985629783 0.09668976791374899 
89.16666666666667 0.36148902183041065 0.0190886137307209 0.4249378736091077 0.2856718365341359 0.16302097772082058 0.10728069840521513 
90.66666666666667 0.3903090982803947 0.01633007779563978 0.5049749724751615 0.24825767154306494 0.13904329050971032 0.09139398767642354 
92.16666666666667 0.36812701467797393 0.019088613730720898 0.42493787360910745 0.28567183653413586 0.1630209777208205 0.1072806984052151 
93.66666666666667 0.3532726012910548 0.019061528876406823 0.4257237227745798 0.28530448325982144 0.16278555132791317 0.10712471376127877 
95.16666666666667 0.35122609156838275 0.019088613730720905 0.4249378736091076 0.2856718365341359 0.16302097772082055 0.10728069840521515 
96.66666666666667 0.3509024879430385 0.019079978015094683 0.4251884331963741 0.2855547098782362 0.16294591453766738 0.10723096437262737 
98.16666666666667 0.3507669939396483 0.019088613730720898 0.42493787360910756 0.28567183653413586 0.16302097772082053 0.10728069840521509 
99.66666666666667 0.350814555968408 0.019080667279984698 0.42516843463066956 0.28556405841344634 0.16295190575124133 0.1072349339246582 
