Time 3-M-Pu-Total 3-M-Pu8 3-M-Pu9 3-M-Pu10 3-M-Pu11 3-M-Pu12 
0.16666666666666666 0.20694418088279556 0.0004668351404888916 0.965232677078142 0.03310777768466571 0.0011551239065514128 3.758619015200461e-05 
0.25 0.2010459720527373 0.0004665312947224271 0.965237672586172 0.03310773687001185 0.0011504727801557718 3.7586468937995764e-05 
0.3333333333333333 0.20104445552904682 0.0004662276378822427 0.9652426498272507 0.033107695427967515 0.0011458403598856328 3.758674701372915e-05 
0.4166666666666667 0.2010429425118835 0.0004659241698920701 0.9652476088740086 0.033107653361035945 0.0011412265706815387 3.758702438202823e-05 
0.5 0.20104143358610438 0.0004656208906754702 0.9652525497987846 0.033107610671710336 0.0011366313377838215 3.7587301045705154e-05 
2.0 0.20101490397546945 0.0004601940569248286 0.9653384683501521 0.033106738617954254 0.001057006811327525 3.7592163641214296e-05 
3.5 0.2009895135954796 0.0004548279039198185 0.9654189410282855 0.03310567957766352 0.0009829546756444944 3.759681448646993e-05 
5.0 0.20096518271270883 0.0004495219603789852 0.9654943445360776 0.033104446531747406 0.0009140857035695108 3.7601268226546186e-05 
6.5 0.20094183834048177 0.0004442757412080243 0.9655650294079555 0.03310305155799179 0.0008500377543548673 3.760553848970863e-05 
8.0 0.2009194114450368 0.00043908874921178335 0.965631321816968 0.033101505893524626 0.0007904739023381081 3.7609637957591795e-05 
9.5 0.20089783898842134 0.00043396047666292674 0.9656935252588347 0.033099819993021064 0.0007350806930506812 3.761357843060134e-05 
11.0 0.20087706118792528 0.0004288904067385997 0.965751922121102 0.03309800358293094 0.0006835665183397359 3.7617370888856806e-05 
12.5 0.20085702360740393 0.0004238780148355571 0.9658067751450246 0.03309606571199283 0.0006356601025980037 3.762102554897055e-05 
14.0 0.2008376744627536 0.0004189227697734207 0.9658583287873348 0.033094014798282986 0.0005911090926919861 3.762455191694063e-05 
15.5 0.20081896675509042 0.00041402413489498275 0.9659068104885893 0.0330918586730313 0.0005496787446470018 3.762795883741693e-05 
17.0 0.2008008556160795 0.0004091815690717823 0.9659524318543765 0.033089604621422034 0.0005111507005900961 3.763125453958493e-05 
18.5 0.20078330047726137 0.0004043945276225412 0.9659953897552462 0.03308725942058231 0.00047532184986907915 3.763444667989353e-05 
20.0 0.2007662624498698 0.0003996624631514566 0.9660358673508581 0.03308482937494943 0.0004420032686591944 3.763754238184123e-05 
21.5 0.20074970652537677 0.0003949848263127995 0.9660740350434811 0.033082320349194075 0.00041101923273897327 3.764054827301891e-05 
23.0 0.2007335989851621 0.0003903610665077585 0.9661100513656414 0.03307973779886643 0.00038220629846484665 3.764347051959611e-05 
24.5 0.2007179096280163 0.0003857906325190086 0.9661440638064016 0.03307708679891991 0.00035541244730101826 3.7646314858424027e-05 
26.0 0.20070260920565208 0.00038127297308804655 0.9661762095804591 0.03307437207025793 0.0003304962895680317 3.7649086626918575e-05 
27.5 0.20068767167348128 0.00037680753743993896 0.9662066163439691 0.03307159800443874 0.0003073263233613595 3.765179079087409e-05 
29.0 0.2006730716485018 0.00037239377575975895 0.9662354028607436 0.03306876868666507 0.0002857802448612525 3.765443197035048e-05 
30.5 0.20065878668016335 0.0003680311396246534 0.9662626796222278 0.03306588791717593 0.00026574430650792846 3.7657014463764735e-05 
32.0 0.20064479472763241 0.0003637190823951612 0.9662885494244307 0.03306295923115103 0.0002471127197529454 3.7659542270311174e-05 
33.5 0.20063107644799444 0.0003594570595691218 0.9663131079047711 0.03305998591722991 0.0002297870993191598 3.766201911082425e-05 
35.0 0.20061761269030473 0.0003552445291012447 0.966336444041601 0.033056971034741645 0.0002136759461089307 3.766444844719231e-05 
36.5 0.20060438679874595 0.0003510809516911635 0.9663586406189804 0.0330539174297341 0.00019869416609400014 3.7666833500421075e-05 
38.0 0.2005913821212251 0.00034696579104257343 0.9663797746591027 0.033050827749885776 0.00018476262270159088 3.766917726744104e-05 
39.5 0.2005785843254287 0.00034289851409584495 0.9663999178246093 0.03304770445837761 0.0001718077203804553 3.7671482536744664e-05 
41.0 0.20056597892002792 0.0003388785912363112 0.966419136792875 0.03304454984679695 0.0001597610171886363 3.7673751902935215e-05 
42.5 0.20055355358185226 0.00033490549648025234 0.9664374936042065 0.033041366047140634 0.00014855886439222533 3.767598778026174e-05 
44.0 0.2005412956880282 0.00033097870764043464 0.9664550459857624 0.03303815504297993 0.0001381420712021132 3.7678192415211125e-05 
45.5 0.2005291946527334 0.00032709770647291764 0.9664718476528793 0.03303491867984542 0.00012845559290421152 3.768036789822198e-05 
47.0 0.20051723946882002 0.0003232619788066986 0.9664879485893739 0.03303165867488629 0.00011944824075849508 3.768251617458206e-05 
48.5 0.20050542105281974 0.00031947101465764174 0.9665033953082796 0.033028376625854186 0.00011107241215400023 3.7684639054565065e-05 
50.0 0.2004937297948004 0.00031572430832801777 0.966518231094379 0.03302507401945912 0.00010328383961116374 3.768673822286042e-05 
51.5 0.20048215791047153 0.00031202135849287823 0.9665324962297991 0.033021752239140646 9.604135732005962e-05 3.7688815247344556e-05 
53.0 0.2004706969981916 0.00030836166827438434 0.9665462282038491 0.03301841257229561 8.930668399368118e-05 3.769087158724022e-05 
54.5 0.20045934039718022 0.00030474474530512276 0.9665594619081943 0.03301505621699995 8.304422089982413e-05 3.7692908600705536e-05 
56.0 0.20044808075074047 0.0003011701017813552 0.9665722298183929 0.03301168428826016 7.722086401379234e-05 3.7694927551893415e-05 
57.5 0.2004369123697181 0.00029763725450707287 0.9665845621627411 0.03300829782382692 7.180582930742305e-05 3.769692961751741e-05 
59.0 0.20042582880112933 0.0002941457249296542 0.9665964870793171 0.03300489778960199 6.677049025819916e-05 3.7698915892959216e-05 
60.5 0.20041482519612483 0.00029069503916786366 0.9666080307620424 0.03300148508466605 6.208822672579075e-05 3.770088739794886e-05 
62.0 0.20040389588332252 0.0002872847280328616 0.9666192175965278 0.032998060545954805 5.7734284402588495e-05 3.7702845081848405e-05 
63.5 0.20039303674063474 0.00028391432704284974 0.9666300702864216 0.032994624952607195 5.368564409992417e-05 3.7704789828565733e-05 
65.0 0.20038224277270109 0.0002805833764319178 0.9666406099709146 0.032991179030009296 4.9920900183019824e-05 3.770672246112535e-05 
66.5 0.20037151048602278 0.00027729142115361587 0.9666508563340304 0.03298772345355449 4.6420147515500127e-05 3.7708643745919146e-05 
68.0 0.20036083546997285 0.00027403801087973043 0.9666608277062642 0.032984258852140694 4.3164876318805256e-05 3.7710554396660215e-05 
69.5 0.20035021477475815 0.0002708226999947066 0.9666705411591123 0.03298078581142189 4.0137874393256895e-05 3.771245507805991e-05 
71.0 0.2003396444955541 0.00026764504758611826 0.9666800125929862 0.03297730487683234 3.732313618608945e-05 3.771434640924801e-05 
72.5 0.20032912215287893 0.00026450461743155975 0.9666892568189756 0.03297381655639844 3.470577822763654e-05 3.771622896695338e-05 
74.0 0.20031864427946297 0.0002614009779822963 0.9666982876348852 0.03297032132335372 3.227196049026239e-05 3.771810328846239e-05 
75.5 0.2003082088026759 0.00025833370234398855 0.9667071178959555 0.032966819618570384 3.0008813255702393e-05 3.771996987437012e-05 
77.0 0.20029781263379187 0.00025530236825477585 0.966715759580628 0.03296331185282064 2.7904369105399107e-05 3.772182919113952e-05 
78.5 0.2002874540521608 0.0002523065580609807 0.9667242238517111 0.03295979840887907 2.594749967532803e-05 3.772368167348089e-05 
79.83333333333333 0.2002782756761715 0.0002496731041607241 0.9667316071353075 0.0329566708696606 2.4323567956107777e-05 3.772532291507943e-05 
79.91666666666667 0.2002777029319914 0.00024950942783850066 0.9667320643677694 0.032956475264293086 2.4225514769013642e-05 3.772542533018943e-05 
80.0 0.0778659679332036 0.000249345858690677 0.9667325211132628 0.03295627964347827 2.4127856841848536e-05 3.772552772656574e-05 
81.33333333333333 0.12240557038276745 0.00024674327131656845 0.9667397641064727 0.032953147653931286 2.261780470824641e-05 3.772716357115406e-05 
81.41666666666667 0.07730168247420698 0.00024658151350758677 0.9667402128144648 0.03295295177877261 2.2526627596632098e-05 3.7727265658441005e-05 
82.83333333333333 0.12295977715123108 0.0002438477814481459 0.966747771834232 0.032949619725847624 2.1031659982339845e-05 3.772899848986891e-05 
82.91666666666667 0.07673724388014071 0.00024368791981249687 0.9667482125055212 0.03294942359761962 2.0946876778367027e-05 3.772910026832906e-05 
84.33333333333333 0.12351394495690535 0.00024098623455454218 0.9667556388149668 0.03294608737667856 1.9556745797860437e-05 3.7730828002122114e-05 
84.41666666666667 0.07617287397463852 0.00024082824700110745 0.9667560719043946 0.032945891010973456 1.9477908141504725e-05 3.773092948946988e-05 
85.83333333333333 0.12406807265906708 0.00023815823509736587 0.9667633729721377 0.03294255087803684 1.818526231172165e-05 3.7732652416504465e-05 
85.91666666666667 0.07560857200159331 0.00023800209978195734 0.9667637989039122 0.03294235428939581 1.811195328068764e-05 3.773275362926129e-05 
87.33333333333333 0.12462215972512439 0.00023536339196672168 0.9667709816961764 0.03293901048324929 1.6909956586651477e-05 3.7734472020851606e-05 
87.41666666666667 0.20022653737769835 0.00023520908729015937 0.9667714008660071 0.03293881368523595 1.6841788492390026e-05 3.773457297442934e-05 
88.91666666666667 0.2002163851677961 0.0002324488230522424 0.9667788846586679 0.03293526943389982 1.5660696587444633e-05 3.773638779246613e-05 
90.41666666666667 0.2002062569031588 0.000229720924950057 0.9667862566903066 0.032931721755030376 1.4562431380030347e-05 3.773819833296745e-05 
91.91666666666667 0.20019615074425626 0.0002270250151838657 0.9667935229417162 0.03292817085360541 1.354118466563471e-05 3.774000482887701e-05 
93.41666666666667 0.20018606612849188 0.00022436072023472462 0.9668006889957962 0.032924616920957855 1.2591555513625343e-05 3.774180749764301e-05 
94.91666666666667 0.20017600137603872 0.00022172767082625946 0.966807760065194 0.03292106013572528 1.1708521712268115e-05 3.774360654229461e-05 
96.41666666666667 0.2001659560727849 0.00021912550188592626 0.9668147410180141 0.032917500664732154 1.0887413215380613e-05 3.774540215244223e-05 
97.91666666666667 0.20015592867718796 0.00021655385250584142 0.9668216364017277 0.032913938663810885 1.01238874503677e-05 3.7747194505208844e-05 
99.41666666666667 0.20014591890370365 0.00021401236590325732 0.9668284504654087 0.03291037427856479 9.413906357205601e-06 3.774898376609511e-05 
