Time 3-M-Pu-Total 3-M-Pu8 3-M-Pu9 3-M-Pu10 3-M-Pu11 3-M-Pu12 
0.25 0.5339947845721529 0.012662132983178583 0.6416162201968928 0.19952251120666162 0.07592791011544843 0.07027122549781853 
0.3333333333333333 0.5339912759963147 0.012662003192507881 0.6416195607533287 0.19952369309067405 0.07592305586072431 0.07027168710276509 
0.4166666666666667 0.5339897629791515 0.012661923494950138 0.6416205108353324 0.1995241487791869 0.07592153068064839 0.0702718862098821 
1.9166666666666667 0.5311872134866981 0.01258669814663081 0.6449787878563107 0.20054674758617808 0.07124528415262225 0.07064248225825805 
3.4166666666666665 0.5285682702993756 0.012508110133452906 0.648147425852059 0.20151022342515554 0.06684189552787832 0.07099234506145434 
4.916666666666667 0.5261140025761698 0.012426241001373097 0.6511437359583833 0.20241988516505308 0.0626867764185719 0.07132336145661869 
6.416666666666667 0.5238258932710659 0.012341820837787015 0.6539606808462539 0.20327369911425078 0.05878904661058477 0.0716347525911234 
7.916666666666667 0.5216778429919627 0.012254551631699936 0.6566259788992512 0.20408012810632353 0.05510978183714252 0.07192955952558283 
9.416666666666666 0.5196664313469785 0.012164902164387594 0.6591399632430756 0.20483935768412642 0.05164796282291085 0.0722078140854994 
10.916666666666666 0.5177826932290398 0.012073111953392635 0.6615103350051786 0.20555379654347844 0.04839239870602351 0.07247035779192701 
12.416666666666666 0.5232749097012188 0.012658481340490661 0.6554017120211824 0.2049998133006439 0.05511933871037476 0.07182065462730833 
13.916666666666666 0.5304482843036064 0.013310608603726253 0.6473615249934628 0.2038157459913883 0.0645546425817522 0.07095747782967057 
15.416666666666666 0.5283178229839611 0.013241436820378311 0.6499747104856123 0.2046634037437811 0.060873111356713944 0.07124733759351443 
16.916666666666668 0.5306182497338424 0.013329458314908066 0.6471528240793112 0.20380337361155734 0.06477569703605814 0.07093864695816512 
18.416666666666668 0.5282972535190815 0.01323934254528616 0.6499687805562506 0.20466801497516338 0.060873718243634745 0.07125014367966512 
19.916666666666668 0.5305971976494219 0.013327220609968944 0.6471471611726702 0.20380766480182244 0.06477649100145597 0.07094146241408243 
21.416666666666668 0.5282772046195114 0.013237109260463413 0.6499619721257703 0.2046719714386366 0.06087609856442273 0.07125284861070678 
22.916666666666668 0.5305780829290935 0.013325019154399698 0.6471391376112233 0.2038112133852259 0.06478061080390314 0.07094401904524787 
24.416666666666668 0.5282589599010403 0.01323491505304909 0.649952946133102 0.20467523042621055 0.060881598002802774 0.07125531038483544 
25.916666666666668 0.5305552916967812 0.013322662236204954 0.6471355749129071 0.20381611144381595 0.06477858428185305 0.07094706712521913 
27.416666666666668 0.530561456659089 0.013322237999728993 0.6471124674118409 0.20381204657880325 0.06480700371732308 0.0709462442923037 
28.916666666666668 0.530540731962296 0.013320653980745119 0.6471220118333245 0.20381794351221544 0.06479037549224867 0.07094901518146614 
30.416666666666668 0.5305207184274285 0.013319075642301555 0.6471306895589264 0.20382356776400962 0.06477497585746068 0.07095169117730162 
31.916666666666668 0.5305013830557794 0.013317504685594967 0.6471385418902871 0.20382893222687062 0.06476074452424624 0.07095427667300097 
33.416666666666664 0.5304826784718959 0.013315942017149711 0.6471456254038348 0.20383405501741023 0.06474759957619118 0.07095677798541403 
34.916666666666664 0.5304645617743483 0.013314388434940618 0.6471519934211216 0.20383895261409596 0.06473546469441785 0.07095920083542416 
36.416666666666664 0.5304469919053084 0.013312844692776054 0.6471576948424295 0.20384364071756325 0.06472426904790701 0.07096155069932418 
37.916666666666664 0.5304299318376704 0.013311311447008516 0.6471627758497881 0.20384813355914808 0.06471394662787608 0.0709638325161793 
39.416666666666664 0.5304133459760476 0.01330978932015609 0.6471672787031069 0.20385244474944847 0.0647044361921787 0.07096605103510974 
40.916666666666664 0.5303972023724918 0.013308278846865787 0.6471712434084285 0.2038565865758828 0.06469568064997988 0.07096821051884289 
42.416666666666664 0.5303814701546866 0.013306780536877966 0.6471747064816062 0.20386057084107473 0.06468762705299165 0.07097031508744941 
43.916666666666664 0.5303661217663573 0.013305294820341096 0.6471777025864511 0.20386440815090617 0.06468022602370524 0.07097236841859643 
45.416666666666664 0.5303511304190089 0.013303822110209794 0.6471802632703071 0.20386810874409061 0.06467343178718107 0.07097437408821146 
46.916666666666664 0.530336472353653 0.01330236274699646 0.6471824185761325 0.20387168177199677 0.06466720163699417 0.07097633526787989 
48.416666666666664 0.5303221243129334 0.013300917060681362 0.6471841957537461 0.2038751361205927 0.06466149600213153 0.07097825506284836 
49.916666666666664 0.5303080658212495 0.013299485314975348 0.647185620849344 0.20387847968314504 0.06465627794558441 0.0709801362069512 
51.416666666666664 0.5302942766745421 0.0132980677688098 0.6471867173956876 0.20388172017555997 0.06465151326163285 0.07098198139830969 
52.916666666666664 0.5302807392362886 0.013296664620174661 0.6471875079820933 0.20388486440291642 0.06464717000269503 0.07098379299212064 
54.416666666666664 0.5302674359425903 0.013295276067246982 0.6471880129263924 0.20388791906909157 0.0646432186029086 0.07098557333436054 
55.916666666666664 0.5302543516118569 0.013293902251859916 0.6471882518280232 0.20389089003795788 0.06463963142943412 0.07098732445272489 
57.416666666666664 0.5302414709631552 0.013292543320320612 0.6471882422242197 0.2038937831380636 0.06463638292879105 0.07098904838860502 
58.916666666666664 0.5302287809376979 0.013291199366558403 0.6471880011284808 0.20389660341921131 0.0646334491993213 0.07099074688642815 
60.416666666666664 0.530216268228689 0.013289870492675932 0.6471875436731128 0.20389935595286038 0.06463080815721231 0.07099242172413858 
61.916666666666664 0.530203921612987 0.013288556751818222 0.6471868846350487 0.2039020450847091 0.06462843912726897 0.07099407440115497 
63.416666666666664 0.5301917294909206 0.013287258208495056 0.6471860370665836 0.2039046752313967 0.06462632302596812 0.07099570646755653 
64.91666666666667 0.5301796822267171 0.01328597488120704 0.6471850138102508 0.20390725012962746 0.06462444196806962 0.0709973192108451 
66.41666666666667 0.5301677696969718 0.013284706802571976 0.6471838261193434 0.20390977362967114 0.0646227794644035 0.07099891398400998 
67.91666666666667 0.5301559836386198 0.013283453961739269 0.6471824851633241 0.2039122489414961 0.06462132004218366 0.07100049189125693 
69.41666666666667 0.5301443152049216 0.013282216364348549 0.6471810006395108 0.20391467942550068 0.06462004945553773 0.07100205411510205 
70.91666666666667 0.5301327573199222 0.013280993974759613 0.6471793822702989 0.20391706783605873 0.06461895431767424 0.07100360160120843 
72.41666666666667 0.5301213022409698 0.013279786775867632 0.6471776384072054 0.20391941710985526 0.06461802232243317 0.07100513538463854 
73.91666666666667 0.5301099439187514 0.013278594711172181 0.6471757775210067 0.203921729607194 0.06461724188670678 0.07100665627392022 
75.41666666666667 0.530098675565488 0.013277417744470102 0.6471738067991758 0.2039240078982621 0.06461660238152114 0.07100816517657084 
76.91666666666667 0.5300874920197642 0.013276255801783928 0.6471717336298929 0.20392625400250047 0.06461609378332571 0.07100966278249704 
78.41666666666667 0.5300763873196614 0.013275108830950682 0.6471695641937657 0.20392847017307802 0.06461570691331744 0.07101114988888813 
79.75 0.5303561883830874 0.01328418484476419 0.6468154934852226 0.20382241012295454 0.06510420638570878 0.07097370516134997 
79.83333333333333 0.5329107121990614 0.013367962551122083 0.6437253494543724 0.2028736364828796 0.06939939812663191 0.0706336533849939 
79.91666666666667 0.5356408003832789 0.013448184725610015 0.6404547463911414 0.20186773159907387 0.0739555330070262 0.07027380427714869 
81.33333333333333 0.5203285475407723 0.011905487196638252 0.6591044072560498 0.2073480048294405 0.04930276999055307 0.07233933072731856 
82.83333333333333 0.5348142908272487 0.013430441737096422 0.6414117790011881 0.202169600431009 0.07260581011734067 0.0703823687133656 
84.33333333333333 0.534812195398501 0.013429860254836657 0.6413987735755264 0.20216852351908235 0.07262019772654764 0.07038264492400696 
85.83333333333333 0.53481012780786 0.013429290751332028 0.6413857349532915 0.20216743637177054 0.07263462045039237 0.0703829174732134 
87.33333333333333 0.5348080868190869 0.013428733108517714 0.6413726651596776 0.20216633947483195 0.0726490757333568 0.07038318652361586 
88.83333333333333 0.5554504053925826 0.012268344003093476 0.6711715496705475 0.19032484089864002 0.06085047681742451 0.06538478861029443 
90.33333333333333 0.5665719767006554 0.011557226237081508 0.6895017896470028 0.18402758801278393 0.052212539311488906 0.06270085679164288 
91.83333333333333 0.5643855410527397 0.011465266097004158 0.692143256935999 0.1847113003543145 0.04873656891626755 0.06294360769641497 
93.33333333333333 0.5305738451166674 0.013248975273717134 0.6477199867566277 0.20361491286699585 0.06452981087802336 0.07088631422463619 
94.83333333333333 0.5301480927749878 0.013270736491213214 0.6471630707898848 0.20386192612977452 0.06471388176143891 0.07099038482768844 
96.33333333333333 0.5301331018518654 0.013269733973099083 0.6471656421714638 0.2038656415698958 0.06470659050359227 0.07099239178194912 
97.83333333333333 0.5301184596822539 0.013268738907676672 0.6471677891269271 0.20386922344494857 0.06469989637472545 0.07099435214572213 
99.33333333333333 0.530104141754134 0.013267751719367338 0.6471695404526364 0.20387268112635418 0.06469375750768577 0.0709962691939563 
