Time 3-W-Pu-Total 3-W-Pu8 3-W-Pu9 3-W-Pu10 3-W-Pu11 3-W-Pu12 
0.25 0.5588450520521228 0.011701626867836087 0.6670902689431237 0.18639766894269671 0.07007784233467348 0.06473259291166988 
0.4166666666666667 0.5588242635040767 0.011704629257305185 0.6669866788416555 0.18641470244792838 0.07015332775549275 0.06474066169761825 
0.5833333333333334 0.5588200846994187 0.0117049918790626 0.6669701065863322 0.18641747267870507 0.07016540516002011 0.06474202369587988 
2.0833333333333335 0.5600938223930538 0.01149522763523543 0.6737080176093063 0.1853149954922173 0.0652573056229341 0.0642244536403071 
3.5833333333333335 0.5603399751717238 0.011450709116807525 0.6750577773160867 0.18509506239651108 0.06427470144794112 0.06412174972265357 
5.083333333333333 0.5603881581763472 0.0114392538347319 0.6753646279983179 0.1850455666524257 0.06405146189221239 0.0640990896223121 
6.583333333333333 0.5603963788286296 0.011434725596577572 0.6754595281938339 0.18503063498679548 0.06398246281779978 0.06409264840499333 
8.083333333333334 0.5603960956793856 0.011431700669650845 0.6755091840931213 0.1850230727506395 0.06394637778535328 0.06408966470123506 
9.583333333333334 0.5603936513792497 0.011429041076980062 0.6755474798389611 0.18501736506735725 0.06391856078587539 0.06408755323082631 
11.083333333333334 0.5580437411312333 0.012034152968892512 0.6715367804927076 0.1881387057426162 0.06346211639212694 0.06482824440365657 
12.583333333333334 0.556844983799656 0.01234048244635759 0.6694551860468754 0.1897309393584907 0.06326520031846238 0.06520819182981412 
14.083333333333334 0.5571127086389517 0.012304401645698166 0.6718031710167522 0.18959748755101394 0.061221734723906775 0.0650732050626287 
15.583333333333334 0.5567045767223094 0.012380048903222007 0.6698776719583668 0.1899748231425241 0.06253504287346631 0.06523241312242099 
17.083333333333332 0.5571402983279456 0.012296404889637172 0.6722703443605723 0.18958458369988324 0.060798538503395456 0.06505012854651199 
18.583333333333332 0.5567719948220329 0.01236158357115962 0.6703821646042518 0.1899046952173259 0.06215409133373321 0.0651974652735297 
20.083333333333332 0.5572116882042627 0.012276557382070044 0.672760150710634 0.18950633974568362 0.060442486372728255 0.06501446578888408 
21.583333333333332 0.5568485607916299 0.012340650954613954 0.6708921495278396 0.18982089565047558 0.06178644686319678 0.06515985700387403 
23.083333333333332 0.5572848691216247 0.012256180978302686 0.6732510911579208 0.1894253018288594 0.06008915558844464 0.06497827044647235 
24.583333333333332 0.5569254118369923 0.012319582570716048 0.6714023595532763 0.18973652523021867 0.06141938090029069 0.06512215174549825 
26.083333333333332 0.5573581064745449 0.012235739928412506 0.6737424812223611 0.18934408439974187 0.05973565887602575 0.06494203557345861 
27.583333333333332 0.5570022999137691 0.012298464598460093 0.6719131763274543 0.1896520351276279 0.061051914737318885 0.065084409209139 
29.083333333333332 0.5574314635579933 0.012215242332773997 0.6742349369435354 0.18926268644045235 0.05938140454510361 0.06490572973813465 
30.583333333333332 0.5570793451206082 0.012277289737657366 0.6724252329382332 0.1895673373129699 0.06068355813832187 0.06504658187281749 
32.083333333333336 0.55750506644013 0.012194678120390724 0.6747290667598353 0.18918100673407467 0.05902594401004447 0.06486930437565461 
33.583333333333336 0.5571566676612876 0.012256047730876723 0.6729391013060889 0.18948233340510962 0.06031389400725824 0.06500862355066646 
35.083333333333336 0.5575790286845204 0.012174037374842758 0.6752254088441916 0.18909895206733282 0.05866888577909196 0.0648327159345409 
36.583333333333336 0.5572343736175155 0.012234729055141813 0.6734552855096161 0.1893969360302625 0.05994255593512002 0.0649704934698597 
38.083333333333336 0.5576534500594841 0.01215331098854605 0.6757244372571851 0.1890164402959744 0.05830988536256702 0.06479592609572747 
39.583333333333336 0.5573125562195127 0.012213324966352756 0.6739742301575637 0.1893110682135507 0.05956922092919855 0.06493215573333416 
41.083333333333336 0.5577284182674636 0.012132490586216658 0.6762265704171132 0.18893339903383746 0.057948638855391345 0.06475890110744142 
42.583333333333336 0.557391297552837 0.012191827403988706 0.6744963283637735 0.18922466201479937 0.05919360354646947 0.06489357867096894 
44.083333333333336 0.557804010571151 0.012111568430953791 0.6767321786004239 0.18884976434253448 0.0575848774559153 0.06472161117017255 
45.583333333333336 0.5574706700653497 0.012170228902535319 0.6750219286978034 0.1891376573090137 0.058815450821826966 0.06485473426882075 
47.083333333333336 0.5578802952089533 0.012090537341392461 0.6772415904523367 0.18876547958786974 0.0572183627166232 0.06468402990177785 
48.583333333333336 0.5575507378749289 0.012148522514210286 0.6755513412128367 0.189050000727535 0.058434537871453224 0.06481559767396503 
50.083333333333336 0.5579573326221635 0.012069390619603782 0.6777550986309149 0.1886804944482854 0.05684888242740198 0.06464613387379405 
51.583333333333336 0.5576315579030379 0.01212670174175222 0.676084842670932 0.1889616447402178 0.058050664081779835 0.06477614676531805 
53.083333333333336 0.5580351765184658 0.012048121988392778 0.6782729646987149 0.1885947640555645 0.056476247047710065 0.06460790220961768 
54.583333333333336 0.5577131808571021 0.012104760479972611 0.6766226810716437 0.18887254686004587 0.057663649806610075 0.06473636178172769 
56.083333333333336 0.5581138747934221 0.012026725536770446 0.6787954233616315 0.18850824825028628 0.05610028661495346 0.06456931623635848 
57.583333333333336 0.5577956520817261 0.01208269296492714 0.6771650795763068 0.18878266895396034 0.05727333350506613 0.06469622499973975 
59.083333333333336 0.5581934703287941 0.0120051956725314 0.6793226861415683 0.18842091093679683 0.05572084806586534 0.06453035918323818 
60.583333333333336 0.5578790122961592 0.012060493729709427 0.6777122399082266 0.18869197664579354 0.05687956926182915 0.06465572045444114 
62.083333333333336 0.5582740016840763 0.011983527081006052 0.6798549445582214 0.18833271952445824 0.05533779291597285 0.06449101592034147 
63.583333333333336 0.5579632982331402 0.012038157565998605 0.6782643452984798 0.18860043879905244 0.05648222463882328 0.06461483369764577 
65.08333333333333 0.5583555036954665 0.011961714689177028 0.6803923728853349 0.18824364444368422 0.05495099524946129 0.0644512727323426 
66.58333333333333 0.5580485431922674 0.01201567949060508 0.6788215630378437 0.18850802706891231 0.056081178814192556 0.06457355158844658 
68.08333333333333 0.5584380079946237 0.01193975363445439 0.6809351305381849 0.18815365872678189 0.054560339978039406 0.06441111712253952 
69.58333333333333 0.5581347775192902 0.011993054716357022 0.6793840466873896 0.18841471551418593 0.055676320970253025 0.06453186211181429 
71.08333333333333 0.5585215434579299 0.011917639237496721 0.6814833641415191 0.18806273764494663 0.054165721332890195 0.06437053764314747 
72.58333333333333 0.5582220290212261 0.011970278626756032 0.6799519379933128 0.18832048026125933 0.055267548897176264 0.06448975422149542 
74.08333333333333 0.5585663400753732 0.011902847835771224 0.6818264501437417 0.1880062358941397 0.05391866876580666 0.06434579736054086 
75.58333333333333 0.5576934464871575 0.012067713026533124 0.677227759982879 0.18877772467619125 0.05722570097701104 0.06470110133738567 
77.08333333333333 0.5589997662578998 0.0118081699636974 0.6842656707205788 0.18759969856954736 0.05216602688823437 0.0641604338579422 
78.58333333333333 0.5578370844517141 0.012031067895917052 0.6781141268881209 0.1886308727862505 0.056588954841678425 0.06463497758803308 
79.75 0.5573693549064279 0.012121096326473062 0.6756441372150055 0.18904477800158564 0.058364377010728025 0.06482561144620774 
79.91666666666667 0.5585506343704585 0.011888996095003511 0.6819744795000814 0.18798466016562634 0.05381329986957976 0.06433856436970903 
80.08333333333333 0.5557160062828025 0.012420748682885736 0.6669031145146448 0.19051556443669831 0.06465762735811338 0.06550294500765781 
81.58333333333333 0.5570003199040003 0.012189463656732711 0.6737285817284284 0.1893663199090316 0.05974150677796096 0.06497412792784633 
83.08333333333333 0.55630890671062 0.012314915313419567 0.6701039549647642 0.18997590005910242 0.06234998228848441 0.06525524737422939 
84.58333333333333 0.5563544899664288 0.012303966787316545 0.6703944839980732 0.18992744523594907 0.062140572222689726 0.06523353175597138 
86.08333333333333 0.5562392882999713 0.0123230314589035 0.6698284526189189 0.1900228972456799 0.06254758817885749 0.06527803049764028 
87.58333333333333 0.5563935194578022 0.012291084870181677 0.670702033587739 0.18987667368122896 0.06191883417791839 0.06521137368293208 
89.08333333333333 0.5565698234301081 0.011976854753918654 0.6786066012887989 0.189244773540921 0.05529181273572805 0.06487995768063323 
90.58333333333333 0.5563998283120755 0.012236864067740667 0.6719658756894874 0.18977820275066862 0.06085830170125358 0.06516075579084989 
92.08333333333333 0.5580680642698805 0.011625625125532625 0.6876342780503726 0.18781569885377977 0.04870316179145706 0.06422123617885811 
93.58333333333333 0.5573792816820244 0.01203729677177075 0.6774412955320068 0.1888738529022768 0.0569020418649527 0.06474551292899308 
95.08333333333333 0.557334939608949 0.012089046415064279 0.6762260167180117 0.18897669616549315 0.05790922310242697 0.064799017599004 
96.58333333333333 0.56018704356589 0.011146199695316454 0.6991096496625601 0.1858735304926155 0.04053298949404648 0.06333763065546161 
98.08333333333333 0.5586823237401707 0.011758973211036255 0.6846688203653534 0.18766947167204368 0.051707919255136646 0.06419481549642994 
99.58333333333333 0.5589283216877406 0.011756169440082183 0.6849906692288743 0.1875138201888767 0.051609878898371056 0.06412946224379559 
